
1961 1 5.1 150.9 42.2
1961 2 8.5 71.1 76.7
1961 3 10.8 21.3 119.8
1961 4 12.4 66.4 106.2
1961 5 14.3 43.4 182
1961 6 16.5 31.6 159.4
1961 7 16.6 112.9 117.7
1961 8 17.2 80.6 155.4
1961 9 17.6 61.2 120.9
1961 10 12.7 143.6 94.5
1961 11 8.5 52.4 61.8
1961 12 3.9 75.6 49
1962 1 6.5 165.5 58
1962 2 6.7 56.5 84.1
1962 3 5.3 23.6 106.6
1962 4 10.7 61.3 147.3
1962 5 13.6 58.8 160.7
1962 6 16.8 33.8 177.6
1962 7 17.2 50.5 104.5
1962 8 16 129.6 127.3
1962 9 14.5 110.3 81.5
1962 10 13 42 107.8
1962 11 7.1 62.4 42.6
1962 12 5.2 58.6 64.1
1963 1 1.7 15.3 71.1
1963 2 1.8 28.3 90
1963 3 8.3 95.3 119.2
1963 4 11.1 66.1 120
1963 5 13.3 58.8 213.9
1963 6 18 76.6 191
1963 7 18.1 48.9 164.9
1963 8 16.4 93.2 120.2
1963 9 15.7 81.9 158.8
1963 10 12.7 58.1 94.7
1963 11 9.2 173.9 35.6
1963 12 4.7 28.3 47.9
1964 1 6.4 26.8 58.9
1964 2 6.3 25.4 60.8
1964 3 6 62.4 49.4
1964 4 11.1 57.1 121.2
1964 5 15.8 41.9 196.5
1964 6 15.6 67.6 151.1
1964 7 17.7 47.8 158.9
1964 8 17.7 69.5 161.9
1964 9 16.6 51 146.7
1964 10 11.5 60.5 83.6
1964 11 9.8 37.9 62.2
1964 12 5.5 146.3 42.6
1965 1 4.8 117.6 53.1
1965 2 5.2 19.5 41.7
1965 3 7.8 57.4 118.5
1965 4 11.3 55.9 169.1
1965 5 14.3 57.5 144.6
1965 6 17.6 62.5 190.5
1965 7 16.4 54.9 131.5
1965 8 17.1 78.6 160.7
1965 9 14.3 123 83.6
1965 10 13.5 70.3 133.8
1965 11 5.8 86.1 70.7
1965 12 5.8 91.3 36.3
1966 1 4.1 45.1 27.6
1966 2 6 91.8 30.9
1966 3 8.7 48.4 104.1
1966 4 8 63.7 104.5
1966 5 14.5 46.2 213
1966 6 18.1 88.1 149
1966 7 17.7 45.1 196.2
1966 8 17.1 116.3 124
1966 9 16.1 112.2 119.2
1966 10 11.7 108.8 71.4
1966 11 7.6 89.9 53.2
1966 12 6.6 108.8 40.7
1967 1 5.7 64.1 63.8
1967 2 6.9 116.4 62.2
1967 3 8.1 64.2 117.3
1967 4 10.5 21.6 116.6
1967 5 11.7 165.2 117.5
1967 6 17.9 104.6 217.3
1967 7 18.2 87.1 164.5
1967 8 17.5 94.7 143
1967 9 15.3 121.2 105.9
1967 10 11.7 241.3 86.6
1967 11 7.7 55.9 67.1
1967 12 6.4 67 57.6
1968 1 6.3 66.6 31
1968 2 3.5 31.8 88.8
1968 3 8.6 141.2 55.8
1968 4 11.3 60.2 146.5
1968 5 12.3 50.4 119.4
1968 6 18.7 79.7 214.8
1968 7 17.4 74 119.5
1968 8 18.4 39.6 176.9
1968 9 15.6 225.8 98.8
1968 10 13.6 129.3 46.5
1968 11 7.3 35.4 43.2
1968 12 4.4 60 40.5
1969 1 6.2 71.2 29.8
1969 2 2.2 49.9 56.6
1969 3 4.9 46.2 71
1969 4 10.1 53.8 166.1
1969 5 13.7 92.6 114.5
1969 6 17.6 83.8 224.1
1969 7 19.3 36.7 176.2
1969 8 19.2 70.8 148.3
1969 9 16.1 75.5 59.1
1969 10 15.2 22.5 109.1
1969 11 6.7 175 61.1
1969 12 4.9 74.2 22.1
1970 1 4.8 94.4 30.9
1970 2 4.6 71.5 95.4
1970 3 6.1 48 116.4
1970 4 8.6 68.4 132.8
1970 5 16.3 27.6 172.7
1970 6 20.5 49.9 234.6
1970 7 17 84 151.4
1970 8 19.1 90.8 166.6
1970 9 16 84.4 97.8
1970 10 12.7 112.4 95.1
1970 11 8.3 140.2 49.4
1970 12 5.9 27.4 48.3
1971 1 6.3 64.4 26.4
1971 2 6.9 70.6 61
1971 3 7.6 54.4 71.1
1971 4 11.4 30.4 139.3
1971 5 15.2 35.7 222.8
1971 6 14.9 53 149.2
1971 7 19.8 98.8 214
1971 8 17.4 143.1 123.8
1971 9 17.2 24.7 146.4
1971 10 14.1 77.8 102.1
1971 11 8.4 81.8 56.7
1971 12 8.3 29.8 15.9
1972 1 5 117.4 33.7
1972 2 5.8 62 53.6
1972 3 9.4 74 133.4
1972 4 10.8 81.2 114.7
1972 5 13.4 80.8 137.9
1972 6 14.5 65.5 152.6
1972 7 19 49 183.5
1972 8 17.7 33.6 152.6
1972 9 14.8 21.2 137.7
1972 10 13.5 22.6 113.7
1972 11 7.8 162.1 39.9
1972 12 7.3 103.9 47.8
1973 1 5.4 51.2 36.6
1973 2 6.5 46.8 81.4
1973 3 9.9 29.9 119.9
1973 4 9.7 50.6 142
1973 5 14.3 69.2 168.2
1973 6 18.5 37.9 174.9
1973 7 18.5 86.3 157
1973 8 18.8 97.5 169.6
1973 9 16.2 52.3 115.8
1973 10 11.8 54.2 78.6
1973 11 7.6 48.3 77.4
1973 12 6.3 90.7 43.3
1974 1 7.3 209.2 36.6
1974 2 7 126.7 50.5
1974 3 8.2 43.5 102.6
1974 4 12.8 1.8 180.7
1974 5 14.8 40.2 203.3
1974 6 17.5 49.6 233.8
1974 7 17.3 82.4 133.2
1974 8 18 74.3 152
1974 9 13.8 107 106.4
1974 10 9.3 45.8 50.2
1974 11 7.8 155.2 42
1974 12 8.9 178.6 28.4
1975 1 7.9 179.5 29.6
1975 2 7.3 23 96.1
1975 3 7 33.4 110.7
1975 4 11.2 44.4 123.2
1975 5 13 25.6 252.6
1975 6 18.9 33 253
1975 7 19.7 75.3 152.2
1975 8 21.7 79.1 184.5
1975 9 15.1 114.6 129.6
1975 10 12.6 44.1 90
1975 11 8.1 65.1 64.5
1975 12 7.2 35.3 39
1976 1 6.8 89.3 38.8
1976 2 6.5 42.5 38.1
1976 3 6.8 43.8 90.6
1976 4 10.6 52.7 118.6
1976 5 14.5 77 108.4
1976 6 19.3 27.3 209.6
1976 7 21.1 30.2 216.7
1976 8 22.4 12.5 232.4
1976 9 15.2 115.7 65
1976 10 12.4 146.5 63.4
1976 11 8 86.4 49.9
1976 12 2.9 85.5 43.7
1977 1 3.8 81.7 34.9
1977 2 5.6 68.6 46.2
1977 3 9.1 91.4 57.3
1977 4 9.7 61.7 143.2
1977 5 14.4 28.4 239.7
1977 6 16.6 72.6 246.1
1977 7 19.5 34.6 213.3
1977 8 18.6 60.8 155
1977 9 14.8 56.5 81.8
1977 10 14 119.8 98.4
1977 11 7.5 134.8 60.6
1977 12 7 96.9 33.7
1978 1 4.1 158.5 39.5
1978 2 3.6 61.3 49.3
1978 3 8.5 108.1 93.7
1978 4 9.4 25.4 107.8
1978 5 16.3 25.8 197.5
1978 6 17 50.5 168.4
1978 7 17.5 39.9 157.8
1978 8 17.2 82 106.2
1978 9 15.9 99.6 96.1
1978 10 13.8 47.2 64.4
1978 11 10.4 117.9 52.3
1978 12 4.9 110.6 31.4
1979 1 2.4 47.5 42.9
1979 2 3.3 27.6 79.3
1979 3 5.8 107.4 61.1
1979 4 9.5 63.7 89.3
1979 5 12.4 109.3 154.1
1979 6 18.1 47.7 155.8
1979 7 18.3 33.8 121.8
1979 8 17.5 89.7 126
1979 9 15.5 64.9 138.6
1979 10 13.2 85.7 83.8
1979 11 8.6 129.2 57.1
1979 12 6.5 159 27.9
1980 1 3.5 61.6 31.9
1980 2 6.7 69.6 22.5
1980 3 6.1 65.3 73.9
1980 4 12.6 10.9 160.4
1980 5 15.6 28.1 240.8
1980 6 16.4 137.8 123.4
1980 7 17.5 85.6 121.6
1980 8 17.8 81.4 118.2
1980 9 16.2 62.4 87.4
1980 10 10.5 118 75.5
1980 11 8 93.5 43.1
1980 12 7.7 101.8 31.4
1981 1 6.4 67.6 32.9
1981 2 5.2 51.2 61.3
1981 3 9.2 111.9 86.2
1981 4 11.2 51.3 156.4
1981 5 15.1 72.7 164
1981 6 15.7 43.2 149.2
1981 7 17.8 55.5 140
1981 8 19.4 26.7 136.5
1981 9 17.2 156.9 128.2
1981 10 9.9 146.5 106.2
1981 11 9.6 125.6 44.4
